600519
601398
600036
601288
000858
601857
601988
601628
601318
603288
601012
000333
600900
601888
002415
600028
601633
002594
600809
601166
000001
000568
600276
603259
601088
002475
002352
300059
600104
600887
600436
600000
600030
002304
600438
603501
002142
000651
300015
601899
300014
002714
600406
002812
600031
601601
601668
601328
601919
002371
000002
300274
600111
000725
600690
601998
600585
002493
600760
600048
002129
601766
600346
600309
600703
600019
002241
300124
002460
601818
600016
600893
603799
002049
601238
601211
600050
600999
603659
300450
300122
000625
000063
601816
000166
002230
601877
603806
000776
601100
601225
600025
601985
601688
002311
600745
600018
300433
002027
601066
000661
600837
601390
600588
603986
600660
600196
601229
002179
002736
603993
601169
600919
600570
000596
601006
601989
000768
002938
601360
002050
002821
600741
601186
601111
601800
300347
300498
601669
601009
000938
601336
000100
600010
300142
600845
002271
600132
001979
603833
600958
600926
300408
601600
600176
002001
600011
600015
600547
601881
600886
603369
000876
600763
002202
600600
002410
601155
601618
600029
601799
601901
000338
601727
000963
601658
688111
603899
600426
688036
300601
600584
601788
601377
601939
600183
002916
000538
600009
600150
603882
600061
600606
601021
603160
000157
002007
002120
002236
002600
000425
600362
600115
600522
000977
600085
000895
000786
600795
601878
600383
601838
600233
601808
002414
002008
603517
300413
688169
603019
000069
000066
600332
601216
600352
600161
002601
002555
000783
688012
300595
300628
601933
002602
600489
002841
600482
601108
601138
000703
601607
603939
603338
002384
601990
600705
002624
002024
600299
601162
603658
603392
002252
002032
300003
002939
601555
601231
002673
000728
300558
600143
688008
600109
688126
600079
603233
300144
300033
600118
600872
600521
002044
002739
688396
601236
002508
600989
601872
003816
601319
000860
300529
002157
601995
300676
601916
600918
000708
002463
601077
002456
002558
000656
002153
300677
300136
600848
603087
601696
002607
688363
600655
600340
002773
603195
688009
000800
002945
601698
